20 20
177
87 0 10 9
87 19 17 9
87 19 12 9
87 2 10 9
87 18 11 9
87 1 5 9
87 4 12 9
87 16 9 9
87 17 10 9
87 19 7 9
87 4 16 9
87 1 10 9
87 3 15 9
87 15 11 9
87 13 13 9
87 15 5 9
87 19 8 9
87 0 16 9
87 0 8 9
87 18 12 9
87 16 13 9
87 15 16 9
87 6 7 9
87 4 7 9
87 19 9 9
87 0 13 9
87 16 8 9
87 0 12 9
87 19 11 9
87 17 11 9
87 16 12 9
87 18 9 9
87 0 9 9
87 19 10 9
87 1 11 9
87 15 7 9
87 17 14 9
87 18 6 9
87 1 8 9
87 1 7 9
87 13 9 9
87 18 13 9
87 16 11 9
87 17 9 9
87 0 5 9
87 18 5 9
87 15 9 9
87 0 11 9
87 3 9 9
87 17 16 9
87 19 16 9
87 3 8 9
87 3 13 9
87 2 12 9
87 17 12 9
87 15 12 9
87 1 9 9
87 13 8 9
87 19 5 9
87 1 15 9
87 17 7 9
87 2 8 9
87 17 15 9
87 4 10 9
87 6 6 9
87 18 10 9
87 2 13 9
87 16 10 9
87 19 13 9
87 0 7 9
87 15 13 9
87 18 8 9
87 17 13 9
87 15 10 9
87 3 11 9
87 0 4 9
87 14 11 9
87 19 6 9
87 15 8 9
87 1 6 9
87 14 9 9
87 4 8 9
87 2 9 9
65 16 2 4
79 2 7 10
79 19 18 4
90 16 17 2
98 11 4 10
106 2 2 99
103 11 13 0
98 8 12 10
106 9 17 99
109 1 0 0
109 1 1 0
103 10 13 0
98 7 12 10
106 3 2 99
106 9 16 99
109 2 0 0
106 2 1 99
98 7 11 10
109 0 1 0
98 6 11 10
98 11 5 10
109 0 0 0
106 8 17 99
109 3 18 0
98 7 13 10
109 0 2 0
98 8 13 10
109 19 2 0
106 8 16 99
109 3 19 0
109 18 16 0
98 9 13 10
109 18 17 0
98 10 4 10
106 10 17 99
106 3 1 99
98 6 13 10
109 3 0 0
98 7 10 10
109 3 17 0
109 1 19 0
106 9 15 99
106 7 16 99
109 2 19 0
109 14 14 0
109 2 18 0
109 18 18 0
98 10 5 10
98 8 11 10
109 1 2 0
98 6 12 10
106 10 16 99
98 10 6 10
106 7 17 99
109 4 0 0
98 8 10 10
109 4 18 0
109 19 0 0
106 4 1 99
106 7 18 99
109 2 17 0
109 19 1 0
109 4 19 0
106 6 16 99
98 9 14 10
109 4 17 0
98 7 9 10
109 15 14 0
109 19 19 0
109 5 19 0
98 8 14 10
109 1 18 0
106 3 3 99
106 8 15 99
109 18 19 0
98 9 5 10
109 1 3 0
98 11 6 10
98 6 10 10
109 5 18 0
109 18 0 0
109 6 19 0
98 10 14 10
109 1 17 0
109 1 4 0
109 1 16 0
109 5 17 0
98 7 14 10
109 17 19 0
103 12 13 0
109 0 3 0
109 1 14 0
109 5 16 0
109 16 19 0
